# time_s,C_A_mol_m3,T_K,rA_mol_m3_s
0.00000000,4,273,1.974716e-14
3.00000000,62.990715,275.36692,4.2100641e-13
6.00000000,120.23799,277.65565,1.0718708e-12
9.00000000,175.79335,279.86879,2.0611722e-12
12.00000000,229.70681,282.00883,3.4961444e-12
15.00000000,282.02688,284.07818,5.5035604e-12
18.00000000,332.80066,286.07917,8.2304745e-12
21.00000000,382.07384,288.01407,1.1844519e-11
24.00000000,429.89079,289.88507,1.6533722e-11
27.00000000,476.29453,291.69426,2.2505827e-11
30.00000000,521.32683,293.44369,2.9987118e-11
33.00000000,565.02822,295.13534,3.9220777e-11
36.00000000,607.43805,296.77111,5.0464796e-11
39.00000000,648.59447,298.35285,6.3989498e-11
42.00000000,688.53454,299.88235,8.0074739e-11
45.00000000,727.29421,301.36132,9.9006833e-11
48.00000000,764.90835,302.79144,1.210753e-10
51.00000000,801.41082,304.17433,1.465695e-10
54.00000000,836.83448,305.51154,1.7577521e-10
57.00000000,871.21122,306.80457,2.0897127e-10
60.00000000,904.57197,308.0549,2.4642629e-10
63.00000000,936.94676,309.26393,2.8839556e-10
66.00000000,968.36473,310.43303,3.3511814e-10
69.00000000,998.85416,311.5635,3.8681422e-10
72.00000000,1028.4425,312.65664,4.4368279e-10
75.00000000,1057.1564,313.71367,5.0589962e-10
78.00000000,1085.0216,314.73579,5.736156e-10
81.00000000,1112.0633,315.72414,6.469554e-10
84.00000000,1138.3058,316.67985,7.260165e-10
87.00000000,1163.7727,317.60399,8.1086861e-10
90.00000000,1188.487,318.49761,9.0155332e-10
93.00000000,1212.4708,319.36171,9.9808419e-10
96.00000000,1235.7458,320.19727,1.1004471e-09
99.00000000,1258.3329,321.00523,1.2086008e-09
102.00000000,1280.2525,321.7865,1.3224778e-09
105.00000000,1301.5242,322.54196,1.4419856e-09
108.00000000,1322.1673,323.27248,1.5670077e-09
111.00000000,1342.2003,323.97886,1.6974052e-09
114.00000000,1361.6412,324.66191,1.8330184e-09
117.00000000,1380.5076,325.3224,1.9736683e-09
120.00000000,1398.8163,325.96107,2.1191587e-09
123.00000000,1416.584,326.57864,2.2692775e-09
126.00000000,1433.8266,327.17582,2.423799e-09
129.00000000,1450.5595,327.75327,2.5824855e-09
132.00000000,1466.7979,328.31165,2.745089e-09
135.00000000,1482.5564,328.85159,2.9113534e-09
138.00000000,1497.8492,329.37369,3.0810157e-09
141.00000000,1512.69,329.87854,3.2538082e-09
144.00000000,1527.0922,330.36672,3.4294596e-09
147.00000000,1541.0687,330.83878,3.607697e-09
150.00000000,1554.6322,331.29524,3.7882469e-09
153.00000000,1567.7948,331.73663,3.9708369e-09
156.00000000,1580.5684,332.16343,4.1551967e-09
159.00000000,1592.9645,332.57614,4.3410593e-09
162.00000000,1604.9942,332.97522,4.5281623e-09
165.00000000,1616.6684,333.36111,4.7162482e-09
168.00000000,1627.9975,333.73426,4.905066e-09
171.00000000,1638.9919,334.09508,5.0943713e-09
174.00000000,1649.6613,334.44398,5.2839275e-09
177.00000000,1660.0153,334.78136,5.4735059e-09
180.00000000,1670.0634,335.1076,5.6628865e-09
183.00000000,1679.8145,335.42306,5.851858e-09
186.00000000,1689.2774,335.7281,6.0402185e-09
189.00000000,1698.4607,336.02307,6.2277758e-09
192.00000000,1707.3725,336.30829,6.4143469e-09
195.00000000,1716.0209,336.58409,6.5997589e-09
198.00000000,1724.4138,336.85078,6.7838486e-09
201.00000000,1732.5586,337.10866,6.9664626e-09
204.00000000,1740.4627,337.35802,7.1474572e-09
207.00000000,1748.1332,337.59915,7.3266985e-09
210.00000000,1755.577,337.83231,7.5040618e-09
213.00000000,1762.8008,338.05778,7.679432e-09
216.00000000,1769.8111,338.27579,7.8527032e-09
219.00000000,1776.6142,338.4866,8.0237781e-09
222.00000000,1783.2162,338.69045,8.1925684e-09
225.00000000,1789.6231,338.88757,8.3589939e-09
228.00000000,1795.8407,339.07817,8.5229829e-09
231.00000000,1801.8745,339.26248,8.6844711e-09
234.00000000,1807.73,339.4407,8.8434019e-09
237.00000000,1813.4125,339.61304,8.9997261e-09
240.00000000,1818.927,339.77968,9.1534011e-09
243.00000000,1824.2785,339.94082,9.3043911e-09
246.00000000,1829.4718,340.09664,9.4526663e-09
249.00000000,1834.5117,340.2473,9.5982032e-09
252.00000000,1839.4026,340.393,9.7409835e-09
255.00000000,1844.149,340.53388,9.8809946e-09
258.00000000,1848.7551,340.6701,1.0018229e-08
261.00000000,1853.225,340.80183,1.0152683e-08
264.00000000,1857.5629,340.92921,1.0284358e-08
267.00000000,1861.7726,341.05237,1.0413261e-08
270.00000000,1865.8578,341.17147,1.0539399e-08
273.00000000,1869.8223,341.28664,1.0662787e-08
276.00000000,1873.6696,341.398,1.0783439e-08
279.00000000,1877.4033,341.50569,1.0901377e-08
282.00000000,1881.0265,341.60981,1.1016622e-08
285.00000000,1884.5427,341.7105,1.1129198e-08
288.00000000,1887.955,341.80786,1.1239132e-08
291.00000000,1891.2664,341.90201,1.1346455e-08
294.00000000,1894.48,341.99305,1.1451197e-08
297.00000000,1897.5986,342.08107,1.1553392e-08
300.00000000,1900.625,342.1662,1.1653073e-08
303.00000000,1903.562,342.24851,1.1750277e-08
306.00000000,1906.4122,342.3281,1.1845042e-08
309.00000000,1909.1781,342.40506,1.1937405e-08
312.00000000,1911.8623,342.47948,1.2027406e-08
315.00000000,1914.4672,342.55144,1.2115086e-08
318.00000000,1916.995,342.62103,1.2200485e-08
321.00000000,1919.4482,342.68831,1.2283644e-08
324.00000000,1921.8289,342.75338,1.2364605e-08
327.00000000,1924.1392,342.81629,1.2443412e-08
330.00000000,1926.3812,342.87713,1.2520105e-08
333.00000000,1928.557,342.93596,1.2594728e-08
336.00000000,1930.6684,342.99284,1.2667323e-08
339.00000000,1932.7175,343.04785,1.2737934e-08
342.00000000,1934.706,343.10103,1.2806603e-08
345.00000000,1936.6357,343.15247,1.2873372e-08
348.00000000,1938.5084,343.2022,1.2938284e-08
351.00000000,1940.3258,343.25029,1.300138e-08
354.00000000,1942.0894,343.29679,1.3062703e-08
357.00000000,1943.8009,343.34176,1.3122293e-08
360.00000000,1945.4618,343.38524,1.3180193e-08
363.00000000,1947.0737,343.42728,1.3236441e-08
366.00000000,1948.6379,343.46794,1.3291079e-08
369.00000000,1950.1559,343.50725,1.3344146e-08
372.00000000,1951.629,343.54526,1.339568e-08
375.00000000,1953.0586,343.58202,1.3445721e-08
378.00000000,1954.4459,343.61757,1.3494306e-08
381.00000000,1955.7922,343.65194,1.3541472e-08
384.00000000,1957.0988,343.68517,1.3587256e-08
387.00000000,1958.3667,343.71731,1.3631694e-08
390.00000000,1959.5971,343.74838,1.3674822e-08
393.00000000,1960.7912,343.77843,1.3716673e-08
396.00000000,1961.95,343.80749,1.3757283e-08
399.00000000,1963.0746,343.83559,1.3796684e-08
402.00000000,1964.1659,343.86276,1.3834909e-08
405.00000000,1965.2249,343.88903,1.3871991e-08
408.00000000,1966.2527,343.91443,1.3907959e-08
411.00000000,1967.2501,343.93899,1.3942847e-08
414.00000000,1968.218,343.96275,1.3976682e-08
417.00000000,1969.1573,343.98572,1.4009495e-08
420.00000000,1970.0688,344.00793,1.4041315e-08
423.00000000,1970.9534,344.0294,1.4072169e-08
426.00000000,1971.8119,344.05017,1.4102084e-08
429.00000000,1972.645,344.07025,1.4131088e-08
432.00000000,1973.4534,344.08967,1.4159207e-08
435.00000000,1974.238,344.10844,1.4186465e-08
438.00000000,1974.9994,344.1266,1.4212888e-08
441.00000000,1975.7383,344.14416,1.4238501e-08
444.00000000,1976.4553,344.16113,1.4263325e-08
447.00000000,1977.1512,344.17755,1.4287386e-08
450.00000000,1977.8264,344.19342,1.4310704e-08
453.00000000,1978.4818,344.20877,1.4333302e-08
456.00000000,1979.1177,344.22361,1.4355201e-08
459.00000000,1979.7349,344.23797,1.4376422e-08
462.00000000,1980.3338,344.25184,1.4396985e-08
465.00000000,1980.915,344.26526,1.4416909e-08
468.00000000,1981.4791,344.27824,1.4436213e-08
471.00000000,1982.0265,344.29079,1.4454917e-08
474.00000000,1982.5577,344.30292,1.4473037e-08
477.00000000,1983.0732,344.31465,1.4490593e-08
480.00000000,1983.5734,344.326,1.4507599e-08
483.00000000,1984.0589,344.33697,1.4524075e-08
486.00000000,1984.53,344.34758,1.4540034e-08
489.00000000,1984.9872,344.35783,1.4555494e-08
492.00000000,1985.4309,344.36775,1.4570468e-08
495.00000000,1985.8615,344.37734,1.4584973e-08
498.00000000,1986.2794,344.38662,1.4599022e-08
501.00000000,1986.6849,344.39559,1.461263e-08
504.00000000,1987.0784,344.40426,1.4625809e-08
507.00000000,1987.4603,344.41264,1.4638574e-08
510.00000000,1987.8309,344.42075,1.4650936e-08
513.00000000,1988.1905,344.42859,1.4662908e-08
516.00000000,1988.5396,344.43617,1.4674503e-08
519.00000000,1988.8783,344.4435,1.4685731e-08
522.00000000,1989.207,344.45059,1.4696605e-08
525.00000000,1989.526,344.45745,1.4707135e-08
528.00000000,1989.8355,344.46408,1.4717331e-08
531.00000000,1990.1359,344.47049,1.4727205e-08
534.00000000,1990.4274,344.47668,1.4736767e-08
537.00000000,1990.7104,344.48268,1.4746025e-08
540.00000000,1990.9849,344.48847,1.475499e-08
543.00000000,1991.2513,344.49407,1.4763671e-08
546.00000000,1991.5099,344.49949,1.4772076e-08
549.00000000,1991.7608,344.50473,1.4780214e-08
552.00000000,1992.0043,344.5098,1.4788094e-08
555.00000000,1992.2406,344.5147,1.4795723e-08
558.00000000,1992.47,344.51944,1.480311e-08
561.00000000,1992.6925,344.52402,1.4810262e-08
564.00000000,1992.9085,344.52845,1.4817186e-08
567.00000000,1993.1181,344.53273,1.482389e-08
570.00000000,1993.3215,344.53687,1.4830381e-08
573.00000000,1993.5188,344.54088,1.4836665e-08
576.00000000,1993.7104,344.54475,1.4842749e-08
579.00000000,1993.8963,344.54849,1.4848639e-08
582.00000000,1994.0767,344.55211,1.4854341e-08
585.00000000,1994.2517,344.55562,1.4859862e-08
588.00000000,1994.4216,344.559,1.4865206e-08
591.00000000,1994.5865,344.56228,1.487038e-08
594.00000000,1994.7465,344.56544,1.4875389e-08
597.00000000,1994.9017,344.5685,1.4880238e-08
600.00000000,1995.0524,344.57146,1.4884932e-08
603.00000000,1995.1986,344.57432,1.4889476e-08
606.00000000,1995.3405,344.57709,1.4893876e-08
609.00000000,1995.4782,344.57977,1.4898134e-08
612.00000000,1995.6119,344.58236,1.4902257e-08
615.00000000,1995.7416,344.58486,1.4906248e-08
618.00000000,1995.8674,344.58728,1.4910111e-08
621.00000000,1995.9896,344.58962,1.4913851e-08
624.00000000,1996.1081,344.59188,1.4917472e-08
627.00000000,1996.2231,344.59407,1.4920976e-08
630.00000000,1996.3347,344.59619,1.4924369e-08
633.00000000,1996.4431,344.59823,1.4927653e-08
636.00000000,1996.5482,344.60021,1.4930832e-08
639.00000000,1996.6502,344.60212,1.4933909e-08
642.00000000,1996.7492,344.60397,1.4936888e-08
645.00000000,1996.8453,344.60576,1.4939771e-08
648.00000000,1996.9385,344.60749,1.4942563e-08
651.00000000,1997.029,344.60916,1.4945265e-08
654.00000000,1997.1168,344.61078,1.494788e-08
657.00000000,1997.202,344.61234,1.4950412e-08
660.00000000,1997.2847,344.61385,1.4952862e-08
663.00000000,1997.365,344.61532,1.4955235e-08
666.00000000,1997.4428,344.61673,1.4957531e-08
669.00000000,1997.5184,344.6181,1.4959754e-08
672.00000000,1997.5917,344.61942,1.4961905e-08
675.00000000,1997.6629,344.6207,1.4963988e-08
678.00000000,1997.732,344.62193,1.4966004e-08
681.00000000,1997.799,344.62313,1.4967956e-08
684.00000000,1997.8641,344.62429,1.4969845e-08
687.00000000,1997.9272,344.6254,1.4971673e-08
690.00000000,1997.9885,344.62648,1.4973443e-08
693.00000000,1998.0479,344.62753,1.4975156e-08
696.00000000,1998.1056,344.62854,1.4976815e-08
699.00000000,1998.1616,344.62952,1.497842e-08
702.00000000,1998.2159,344.63046,1.4979974e-08
705.00000000,1998.2687,344.63137,1.4981478e-08
708.00000000,1998.3198,344.63226,1.4982933e-08
711.00000000,1998.3695,344.63311,1.4984343e-08
714.00000000,1998.4177,344.63394,1.4985707e-08
717.00000000,1998.4644,344.63474,1.4987027e-08
720.00000000,1998.5098,344.63551,1.4988305e-08
723.00000000,1998.5539,344.63626,1.4989542e-08
726.00000000,1998.5966,344.63698,1.499074e-08
729.00000000,1998.6381,344.63768,1.4991899e-08
732.00000000,1998.6783,344.63835,1.4993021e-08
735.00000000,1998.7174,344.639,1.4994107e-08
738.00000000,1998.7553,344.63964,1.4995159e-08
741.00000000,1998.7921,344.64025,1.4996176e-08
744.00000000,1998.8278,344.64084,1.4997161e-08
747.00000000,1998.8624,344.64141,1.4998115e-08
750.00000000,1998.896,344.64196,1.4999038e-08
753.00000000,1998.9287,344.64249,1.4999931e-08
756.00000000,1998.9603,344.64301,1.5000796e-08
759.00000000,1998.9911,344.64351,1.5001633e-08
762.00000000,1999.0209,344.64399,1.5002443e-08
765.00000000,1999.0498,344.64446,1.5003228e-08
768.00000000,1999.0779,344.64491,1.5003987e-08
771.00000000,1999.1051,344.64535,1.5004722e-08
774.00000000,1999.1316,344.64577,1.5005433e-08
777.00000000,1999.1573,344.64618,1.5006122e-08
780.00000000,1999.1822,344.64657,1.5006788e-08
783.00000000,1999.2063,344.64695,1.5007433e-08
786.00000000,1999.2298,344.64732,1.5008058e-08
789.00000000,1999.2526,344.64768,1.5008662e-08
792.00000000,1999.2746,344.64802,1.5009248e-08
795.00000000,1999.2961,344.64836,1.5009814e-08
798.00000000,1999.3169,344.64868,1.5010362e-08
801.00000000,1999.3371,344.64899,1.5010893e-08
804.00000000,1999.3567,344.64929,1.5011407e-08
807.00000000,1999.3757,344.64958,1.5011904e-08
810.00000000,1999.3941,344.64987,1.5012386e-08
813.00000000,1999.412,344.65014,1.5012852e-08
816.00000000,1999.4294,344.6504,1.5013303e-08
819.00000000,1999.4463,344.65066,1.5013739e-08
822.00000000,1999.4626,344.6509,1.5014162e-08
825.00000000,1999.4785,344.65114,1.5014571e-08
828.00000000,1999.4939,344.65137,1.5014967e-08
831.00000000,1999.5089,344.65159,1.5015351e-08
834.00000000,1999.5234,344.65181,1.5015722e-08
837.00000000,1999.5375,344.65202,1.5016081e-08
840.00000000,1999.5512,344.65222,1.5016429e-08
843.00000000,1999.5644,344.65241,1.5016766e-08
846.00000000,1999.5773,344.6526,1.5017091e-08
849.00000000,1999.5898,344.65279,1.5017407e-08
852.00000000,1999.6019,344.65296,1.5017712e-08
855.00000000,1999.6137,344.65313,1.5018008e-08
858.00000000,1999.6251,344.6533,1.5018294e-08
861.00000000,1999.6362,344.65346,1.5018571e-08
864.00000000,1999.6469,344.65361,1.5018839e-08
867.00000000,1999.6574,344.65376,1.5019099e-08
870.00000000,1999.6675,344.6539,1.501935e-08
873.00000000,1999.6773,344.65404,1.5019593e-08
876.00000000,1999.6869,344.65418,1.5019829e-08
879.00000000,1999.6961,344.65431,1.5020057e-08
882.00000000,1999.7051,344.65443,1.5020277e-08
885.00000000,1999.7138,344.65456,1.5020491e-08
888.00000000,1999.7223,344.65467,1.5020698e-08
891.00000000,1999.7305,344.65479,1.5020898e-08
894.00000000,1999.7384,344.6549,1.5021092e-08
897.00000000,1999.7462,344.655,1.5021279e-08
900.00000000,1999.7537,344.65511,1.5021461e-08
903.00000000,1999.761,344.65521,1.5021637e-08
906.00000000,1999.768,344.6553,1.5021807e-08
909.00000000,1999.7749,344.6554,1.5021972e-08
912.00000000,1999.7815,344.65549,1.5022131e-08
915.00000000,1999.788,344.65557,1.5022286e-08
918.00000000,1999.7942,344.65566,1.5022435e-08
921.00000000,1999.8003,344.65574,1.502258e-08
924.00000000,1999.8062,344.65582,1.502272e-08
927.00000000,1999.812,344.65589,1.5022855e-08
930.00000000,1999.8175,344.65597,1.5022987e-08
933.00000000,1999.8229,344.65604,1.5023114e-08
936.00000000,1999.8281,344.65611,1.5023237e-08
939.00000000,1999.8332,344.65617,1.5023356e-08
942.00000000,1999.8382,344.65624,1.5023471e-08
945.00000000,1999.8429,344.6563,1.5023583e-08
948.00000000,1999.8476,344.65636,1.5023691e-08
951.00000000,1999.8521,344.65642,1.5023795e-08
954.00000000,1999.8565,344.65647,1.5023897e-08
957.00000000,1999.8607,344.65653,1.5023995e-08
960.00000000,1999.8648,344.65658,1.502409e-08
963.00000000,1999.8688,344.65663,1.5024182e-08
966.00000000,1999.8727,344.65668,1.5024271e-08
969.00000000,1999.8764,344.65673,1.5024357e-08
972.00000000,1999.8801,344.65677,1.502444e-08
975.00000000,1999.8836,344.65682,1.5024521e-08
978.00000000,1999.8871,344.65686,1.5024599e-08
981.00000000,1999.8904,344.6569,1.5024675e-08
984.00000000,1999.8937,344.65694,1.5024748e-08
987.00000000,1999.8968,344.65698,1.5024819e-08
990.00000000,1999.8998,344.65702,1.5024887e-08
993.00000000,1999.9028,344.65706,1.5024954e-08
996.00000000,1999.9057,344.65709,1.5025018e-08
999.00000000,1999.9085,344.65712,1.502508e-08
